3110
3048
2629
2754
119672
2758
2939
127544
2739
81640
2934
98025
3042
24275
56333
3085
55586
2901
978
3063
3098
3137
3229
57908
23423
7171
3058
3180
30642
2726
3141
3133
62999
23396
7150
2788
59343
7186
7229
7402
3071
2736
2825
2940
3122
190
2782
23901
7146
2613
3157
3099
7282
24211
2777
3078
2936
3054
3029
2698
2645
1004997397
62208
466167820
58698
97134
59434
2949
91772
59175
24254
7228
107818
113699
3177
90361
57607
55834
2794
175346199
2941
67705
69645
1269130368
3156
98654
59732
56727
67969
2875
55556
62814
1377486022
2604
69329
58782
110449
2806
2673
2943
884760924
3026
105930
2653
86681
2639
2075780083
2995
73129
56036
3220
23277
97931
3222
1681385290
95183
62429
81125
122355
89980
407121735
60190
70877
58011
119599
95550
3218
77902
86653
172664331
106347
99353
126356
70694
115698
85957
94652
91076
385433432
66944
61917
869625785
7287
3213
79952
1586307987
616639514
127592
24187
1376882104
112905882
2087178009
1569717375
2007813460
1314384922
1485347857
1298250614
94001
127591
394518715
103265
1516970322
114985577
522500274
672058324
1815943611
705301997
1216453664
