135
1260
1198
906
615
216
870
887
1166
23748
1210
1046
573
648
7366
783
7319
1258
1195
608
709
7217
638
77201
778
1206
524
298
110139
720
119
346
799
1174
899
1175
859
7194
1058
1024
1204
86366
768
958
198
79359
724
173
125
58
23338
158
489
1237
262
532
1017
389
58507
1016
1132
100178
1290
359
884
1242
3028
527
997
62763
68934
7155
184
214
434
406
76326
58824
1218
657
57574
23240
7201
80464
7137
5
65
70
606
345
1248
90949
402
631
93401
544
628
62402
1082
90800
80475
7147
452
1243
95014
80474
411
876
62867
569
1120
641
843
224
7395
1038
254
60868
7304
2697
1244
202
408
718
282
212
1224
80
91768
501
1025
390
1006
7334
7372
384
1193
429
835
98637
1213
84275
7324
32849
126
305
1776893581
961
1048
83659
1241
81438
981
802
7370
7244
67335
130
108
735
2075927905
581
67204
706276007
7263
69580
64023
172399060
619
597628140
84110
60632
699
81907
59659
113422
36488
67100
771
2650
117768
54017
1981382941
86505
65159
117241
390014959
62767
291
125474
3128
123245
1905327040
123712
86804
157
100171
981806774
103119
1270570078
