2177
1836
2132
1930
1508
2017
2450
1414
2452
1341
78523
2284
78980
7243
1897
7289
1354
7139
1473
56395
1578
1666
1654
2358
1483
2471
2021
2335
1511
58825
1348
1357
2202
2347
2075
1700
55712
7193
1738
1841
2330
2308
1418
2295
2041
7299
2228
1614
63802
2200
2282
82601
1761
7236
57594
2541
2000
1740
1725
56458
1340
56335
2356
2332
102403
2048
59244
2046
2328
1421
29162
2527
1383
980598679
1969119842
1856
1828
2081
2167
60344
1720
2003
23574
1590
1748
2104
48668
121207
63409
1801
2117
2400
2114
2318
1390
52636
2149
1678
2555
972670920
61639
1719
24020
70874
63032
7167
90030
1484
91179
2214
109744
1791
2127
56644
95697
7290
2580
1538
79835
7207
2324
2547
124561
2156
2368
63453
7387
1381
996354497
1450
2322
1660
1568
100567
92990
1676
2384
2162
75203
2486
2581
2018
1955
2110
117240
79332
1696
7163
106166809
2442
1615
1600
1469
2037
1739
111202
95509
2502
7392
1552
116694
84958
120445
1569
2465
1825
115407
2546
2521
81102
1589
76186
109210
1889
43189
1628
79896
92676
1737
1745
96929
57885
2126
2443
272044931
86651
1672
2194
81105
2275
1766
498154351
2226
103815
91512
57391
76629
2005655465
870745348
82363
