23975
7100
64444
6997
7083
6733
23484
6713
32132
7117
98813
55621
60808
7125
57447
6689
6860
23353
6754
57012
6955
94147
68870
32205
55656
29817
56642
56502
7099
6722
6951
7118
7093
24230
55996
52005
82540
7107
21531
91528
57280
23735
89023
56719
6160
33486
56418
56960
86298
95884
7062
6798
58455
56511
71058
91092
6462
63815
52788
6888
94242
7013
6856
57020
6457
6799
7002
57091
23578
58052
57661
2340
55960
56439
57002
59669
6687
56514
57372
56709
58707
23776
73308
6779
23294
58060
68736
59242
89770
57592
35105
61305
7070
32300
62835
60558
89869
78262
6915
57616
87975
24253
83499
106985
57009
57836
6986
57019
58067
57182
6913
59841
3394
7109
71292
6738
6752
6756
59104
70795
4205
56672
58762
57110
6665
55265
103127
75492
29905
24094
3279
55920
52002
6735
65767
57863
84466
61362
88929
56425
77560
96292
6461
57484
6910
6956
58710
57691
64644
59839
109067
89024
47557
69210
98666
88891
6964
119349
105237
7120
60293
59693
115452
70485
63100
41504
6737
55839
75218
88984
89036
2106
61775
57156
78487
61101
62739
102223
75129
1297789560
87333
92935
27098
57292
97141
114200
869880856
261414980
96289
100696
103908
66016
57063
82530
87906
56942
61677
82010
1511222308
381390707
