58888
33587
57495
56343
6902
63845
57018
60943
6906
6732
24142
23709
80622
53952
6957
40673
57089
58211
55966
88582
6685
53964
56606
78504
23292
71534
92563
6850
87994
57436
6975
62332
82029
82703
76367
83739
69228
73468
65928
76897
58301
6753
75245
38310
84861
76076
55676
31390
79345
4464
62398
78114
56749
56450
57068
80290
80725
88647
23849
88199
91952
75556
88580
58415
95176
4263
6745
96049
96154
82662
55584
1562640399
77090
56678
76435
76761
75302
79608
83513
77092
64914
105098
78575
54759
93973
104620
84095
86833
84264
89000
57468
6983
54584
81642
85382
63444
76999
81363
94454
114184
66332
85510
84238
84607
76035
96369
6744
91997
89610
65032
105275
596432777
116186
65376
86838
84216
98355
6435
107191
83946
75616
86023
84101
68827
79960
84215
80724
84731
110365
93940
106976
874750566
66692
88101
91380
87082
84127
75888
103797
85439
89833
84472
72495
103370
107441
70427
1766624459
103805
1471981447
1165907149
1475961079
113727
106746
74784
96113
116540
63721
94755
1163155769
79290
384325541
805931624
81408
1001946837
101352
1505415807
398665574
1218700584
