32172
77443
6992
60298
23368
2713
66732
64562
60466
102841
59946
23575
58115
75386
77444
59668
23555
66037
7052
61693
76398
81648
75195
6849
56131
88861
75385
55818
32649
1364957271
58018
61913
87417
101734
100579
35056
73607
1382927661
66168
66122
83198038
76759
23324
89495
73624
102846
76505
73075
84471
75747
23272
62267
31830
63873
87825
114600
67097
59688
62460
62310
87097
81697
66371
32152
86825
6682
113970
66752
82756
107242
1261245310
361156990
32500
189942623
90661
69397
82094
75346
6771
75786
870247994
6789
100891
73088
103621
24152
32739
32230
1601419671
31908
801419985
407404318
77082
79609
83591
57185
119107
110666
74443
10487749
86635
109790
1166009740
4462
111740
56031
125675
32212
6669
6944
105175
406538691
1792083629
461167344
103625
16533892
1092175749
31601
56708
982951382
60959
187345199
1000751949
84157
66497
6747
80805
90935
75254
815670564
31779
100884
66047
64552
3797
80711
119804
114018
98760
100875
60162
115469
1394072324
106835
88483
261513273
64813
81333
118141
32511
106837
116408
87713
105103
74679
117548
81816
56595
92187194
55824
97480
473002342
6705
6959
82365
87596
893900667
121457
59914
31604
80244
77621
98146
1774237529
57183
62192
110430
1895391682
1315253854
59287
32164
116410
79041
713353081
81534
63204
586311882
1894612945
111754
1415244648
63391
79357
82480
461242278
66348
1702384555
1809649824
1495997967
786052131
607389772
