1324
56822
6709
120505
55563
23379
104646
69281
285090209
80763
64474
31682
6724
24010
1370418111
58485
64046
7082
76634
68531
90565
23553
32350
23924
32386
6936
66554
54961
7077
6881
6864
6883
23707
64769
74959
71867
40484
6940
6942
76097
85673
31554
76098
1569298476
6965
101682
66128
76456
1967549146
117653
32061
32394
59930
7049
56947
2461
68299
31660
1800643220
101327
54580
6663
65444
5104
59762
6941
1276619859
74444
104132
6695
56602
82265
63862
71168
31360
65743
32273
66289
57414
102737
32153
6767
31745
56265
1872232415
40143
82792
125370
60550
597801611
55568
87098
1673537121
61456
32743
62385
23761
59594
85595
73901
104167
64619
23579
70760
61001
56783
62075
100787
88863
59605
61428
82641
72110
102240
56028
69410
15109
31805
6698
81483
184400926
31391
57163
62070
32490
61823
52047
202907173
70248
6914
23897
60525
581548179
62130
1071807078
107236
72632
31676
1799445706
115515
103653
32084
60966
74916
776471884
83597
207389343
59685
32480
6666
1498394570
80358
306085161
32174
61927
32142
60207
108583
2095732573
61576
31826
88315
62565
68999
32294
120208
32509
117717
81283
90435
990983416
1100835343
107231073
1403514190
203165320
87600
1666701945
102790
123601
611352922
1488740828
69421
108218
71878
118151
64972
122154
315759920
5690
79871
1189076521
1210765418
972755071
61149
107540
71895
803854908
121684
107781
106522
